EntryPoint one 0 0
DefineLevel one
20 16 false
1 1 1 1 1 1 1 1 1 1 1 1 1 1 1 1 1 1 1 1 
1 1 1 1 1 1 1 1 1 1 1 1 1 1 1 1 1 1 1 1
1 1 2 2 2 2 2 2 1 1 1 1 2 2 2 2 2 2 1 1
1 1 2 2 2 2 2 2 1 1 1 1 2 2 2 2 2 2 1 1
1 1 2 2 2 2 2 2 1 1 1 1 2 2 2 2 2 2 1 1
1 1 1 5 5 1 1 1 1 1 1 1 1 1 1 5 5 1 1 1
1 1 1 5 5 1 1 1 1 1 1 1 1 1 1 5 5 1 1 1
1 1 1 5 5 1 1 1 1 1 1 1 1 1 1 5 5 1 1 1
1 1 1 5 5 1 1 1 1 1 1 1 1 1 1 5 5 1 1 1
1 1 1 5 5 1 1 1 1 1 1 1 1 1 1 5 5 1 1 1
1 1 1 5 5 1 1 1 1 1 1 1 1 1 1 5 5 1 1 1
1 1 2 2 2 2 2 2 1 1 1 1 2 2 2 2 2 2 1 1
1 1 2 2 2 2 2 2 1 1 1 1 2 2 2 2 2 2 1 1
1 1 2 2 2 2 2 2 1 1 1 1 2 2 2 2 2 2 1 1
1 1 1 1 1 1 1 1 1 1 1 1 1 1 1 1 1 1 1 1
1 1 1 1 1 1 1 1 1 1 1 1 1 1 1 1 1 1 1 1
Monster one Collect 4